80 80 80 100 80 100 80 80 0 0 0 0 0 0 0 0
80 80 100 80 100 80 80 80 0 0 0 0 0 0 0 0
80 100 80 80 80 80 80 100 0 0 0 0 0 0 0 0
100 80 80 80 80 80 80 80 100 0 0 0 0 0 0 0
80 100 80 80 80 80 80 100 60 60 60 60 40 40 40 40
100 80 80 80 80 80 100 80 60 60 60 60 60 60 60 60
80 80 80 80 80 100 80 80 60 60 60 60 40 40 40 100
80 80 100 80 100 80 80 80 60 60 60 60 40 40 40 40
0 0 0 100 60 60 60 60 40 40 40 40 60 100 60 100
0 0 0 0 60 60 60 60 40 40 40 40 100 60 100 60
0 0 0 0 60 60 60 60 40 40 40 40 60 100 60 100
0 0 0 0 60 60 60 60 40 40 40 40 100 60 100 60
0 0 0 0 40 60 40 40 60 100 60 100 80 80 80 80
0 0 0 0 40 60 40 40 100 60 100 60 80 80 80 80
0 0 0 0 40 60 40 40 60 100 60 100 80 80 80 80
0 0 0 0 40 60 100 40 100 60 100 60 80 80 80 80